File contents: -85
-70
-66
-46
-26
-21
-21
-9
-7
-6
-5
-1
0
1
2
6
7
8
9
10
12
28
41
64
79
89
90
91
                                                                                                                                                                                                                                                                                                                                                                                                                                                                                                                                                                                                                                                                                                                                                                                                                                                                                                                                 